11340419
35600054
19575666
57791185
69875730
45805647
22202661
25279080
31929974
38854890
95018632
39522326
65160580
56890239
16182414
58926348
82165683
19476011
16463159
26486151
73082179
82402595
48446727
79876567
39670778
70879958
69997848
63817099
26349193
36894111
73247819
21742011
46138510
40302372
39308442
85536498
22193459
30936270
25634569
12842421
32745843
66348261
88093499
80961716
37681661
48144327
17997345
40846604
61580228
94654925
84451127
98316103
46167961
12847717
81857297
44938383
97102002
49017223
34096851
25707792
34711000
47148510
39938904
37966670
19402784
33782302
27616515
51107824
50335089
76312729
50308761
40461905
69675486
88351131
43922591
31322934
79739865
14371759
88981088
18299300
90838020
69650700
18051469
88843484
25945768
81110683
86669182
18582901
96332351
91089318
89196055
32032020
69226910
47104326
83240778
39034506
62043785
76917800
32147081
52160673
13618694
21519691
90905540
38735221
12365054
84701987
93803128
17431273
71918885
49302240
38729402
89632697
26747841
28911252
90518377
86627116
28166066
62511297
92351642
77548154
36752894
68455177
92369647
86670651
73627562
55799386
31177319
12779077
36629723
93319537
61913966
95121873
75695619
74936081
90549870
28160096
40394308
64370862
17975523
18013322
55962469
10392565
93379951
13297262
65208814
63744252
31955411
76010300
20794777
83377440
48856482
17047860
73322436
54467995
57444867
71137556
12991340
58269309
59555058
64003557
54394061
81884261
16305547
29383821
32281225
82600548
22859073
36811137
36798321
56233983
73045047
75681175
58838130
96814291
79770942
50198905
25387934
54097875
70516588
71501750
21366870
67053525
41977074
84804114
87782732
25941481
74325054
59957750
81019882
41090306
46872079
98847253
70598792
58600215
31852312
90584850
27055514
31811441
22154662
30555229
93174395
96724217
86002404
97283465
79953663
10620921
36752367
53767573
27225489
45747889
40897285
36987882
87582983
51140940
86498479
68409072
31748570
35945661
61331283
14488489
51062647
34010411
14259297
96747738
52177188
79795700
55527325
16817984
73981018
78719683
15157472
17284074
87128593
76361598
42286134
21408049
65697331
76801747
53412261
76293462
88430258
95236954
11993997
32929589
72435175
86712619
48999212
52296429
26354800
68264759
67029123
32514823
97631381
34124846
72157462
56236730
97434192
88761258
45718663
20161791
50793786
52385260
17716248
74298081
55580022
48392956
80624041
83021290
78798911
70694503
21676622
59303613
92357258
67181607
86809996
84370626
80551895
85864481
46470961
75320187
37377352
79616205
86533494
22751168
64419295
81734736
54970459
28258272
46103131
96718017
45558181
90575871
28468710
41107609
60677869
90120832
87141434
26727334
67006528
20349455
38455765
90247367
26189625
93706433
96337521
68738192
40273656
58159890
14843272
69901039
61343785
77511130
30491528
60141729
22390105
35449628
26102156
57352021
15605701
31256591
39955848
71407154
12767744
84998075
10001102
65018470
36559032
10674144
25249277
69461780
16462507
22957312
70835527
34199909
21771142
63126021
71739025
91975781
28922007
38879651
92255102
40724223
90829739
10255999
98684814
19807313
80657260
27241277
21601764
63357697
59003206
39620915
30793571
60442445
58472981
86254163
43404664
38872742
70791992
62155462
67544248
91453760
98643389
61586129
13487637
35808326
40252971
86613331
14941884
77639214
90940395
84254442
88692111
64265894
46012755
37497014
46401850
74831533
87421264
56551605
39514100
62234431
57148208
39949518
36439636
88582184
21271178
36251369
44699085
58103930
42601930
27854139
56292680
17794714
35398877
89280543
14754268
81497716
74015733
83742240
82410029
83668431
87088505
71771411
35232478
61563962
93814285
22764641
27447988
40647718
96766521
34938083
44154312
25722894
43248440
98999782
91708136
65071440
37950048
25506382
73446156
82813856
39828905
58758102
32156400
85121810
99512923
49816821
86814163
61482964
68641496
50107868
28784586
84183294
32400259
47162268
95001665
11060226
86554188
34579045
30359823
86746686
94927706
51402217
30053424
85962451
26422112
60482228
98685131
62388388
37849608
52979290
48709062
37758204
78862891
31449323
38117749
36966603
34035371
28641096
20238700
48856872
87723073
41584060
21301545
72429505
22341637
29064614
16660321
50482938
19810535
71249005
89862414
12067436
35525109
41405855
19657034
91426199
82102655
13023504
22776213
60954222
85712408
53928976
44100824
45217642
81442114
40736965
90834714
65053884
59616568
85709492
43230171
89887002
13902808
76095838
84317585
76166075
37183404
40685372
77021149
75534356
78434322
56053672
89370627
88411793
71233672
63683135
81488317
49472048
67324727
27207176
31714079
95756433
73221879
31200832
88138771
69551240
19545619
82029003
91279389
76087447
86806135
51468430
13715724
14993318
99666996
76316596
14611180
32001846
45386861
69934997
14266491
63109974
99124795
50691740
97956862
69042343
97578688
43970578
70007739
98772404
65533745
79031461
56107412
16984464
12471914
32107281
41586657
71138059
66424988
28675947
77452025
98910864
20515873
20643082
55345872
37499806
97522032
56252946
96618810
94224353
94101548
86122526
78981838
28112493
59808727
96917386
37195110
44783126
78743460
90268994
59240302
46906601
92695882
50417356
64127964
27813811
45170930
13229942
42717269
42993268
38074646
59713855
56416954
89284823
27735944
98994645
34825166
44784692
30884026
22474325
93907154
75372831
99515620
54837934
24980927
69166747
97768270
20406560
37648108
34852667
48965999
47286665
88152074
28797554
63098295
96437297
92221417
26902726
34987798
73772817
69121741
38505225
72534708
76687033
11898770
39827977
19547971
32333984
31063709
28999882
81381786
24400958
93882659
23034717
49244570
32262872
49585694
93645416
71878117
91957466
71780568
77065105
89507739
37716279
46901866
86343339
11499488
33925041
83926086
84336336
44536070
79520528
45880123
83759184
62052908
97574564
28435810
51788214
49357696
26983382
89670449
75403251
32867108
80645610
80970538
92035118
82396628
53573820
28289047
38149450
36123315
37677720
26376349
96548219
36273887
63835242
21967486
78081130
20088648
74857161
81472079
98434533
42840049
57526020
86675653
94277234
78948307
11507699
98675160
23806609
36554839
40748709
88225283
64949354
41383170
68018218
43559748
15902502
58889675
14954492
12165057
35529707
83882509
86129288
15835524
27508338
21038615
32607452
65840487
79773126
23741678
52295051
26206363
96974042
52493702
29975426
63928136
47173596
77733961
38946274
23840577
30556260
47773951
35938167
72194191
62386769
72122688
55566180
50979657
13060205
57838931
79864571
18806598
13155869
40747093
73242005
85509171
36463551
64421912
45915860
20288051
21669023
80077253
45298169
64534923
12707719
34181240
62353473
12328749
70157954
83587677
68465907
42151138
32610108
26677732
85538841
60387603
98508421
92761120
36771659
92286131
32891892
19849537
93199142
37409997
90563752
99907372
28251356
59981482
84578868
64104805
46990606
28288238
70534136
89238868
64524104
57282777
79462852
39422355
47188764
38812693
23826673
85956062
63452037
19828707
91786595
23507703
75499631
20906436
63024623
92181753
34511241
33904723
26604430
37194890
58953995
52843889
16937957
44724812
56265071
90872281
22567793
59280349
62756296
76801133
98948335
97535354
10315196
13348651
79129582
51403710
75540896
70747454
47721455
54294792
71452975
96967473
77783350
27567995
80158053
54925246
66746928
51801120
56379006
52112965
41183104
43089958
27508358
94914136
53599784
85046345
76057757
67313651
17200848
33408719
43312713
29823689
13752246
43005944
18693177
98104627
50533197
92160272
76811615
63495014
70088416
17891893
76795591
93532149
37970711
92213053
65100970
51699060
38368576
90824085
69640160
26782641
98541973
95348128
33742533
99887889
41171575
46045088
29397417
96178959
72513900
32511440
62739772
37300702
11340722
18029526
52272044
78622075
75537368
73799021
89690761
28791275
39471338
75693107
38985160
70230678
55056965
47725329
71201507
16934080
29843208
32167746
65429149
93816352
68032299
71727234
43958116
75166751
43158569
24821077
45637071
94201006
12487897
17905266
59603014
22050500
80481371
71006922
97956416
55512691
88945453
80677816
97810343
83394598
26490461
27926598
94270937
15742969
30817625
62444825
92318536
44502069
87054971
28827585
80338791
70027935
31348099
62126538
92041883
51370830
96391011
44948003
19682362
87583566
97567599
89397885
49812471
95402756
34897005
99785869
35352571
17223609
77191269
78081707
77469963
34271955
81414782
31567478
25941215
71856296
66077841
75766067
43402287
84704921
36914293
40928726
72844571
87982042
65542057
94251453
43305996
28097991
70867236
43267353
85089373
16407774
74393802
26011511
80914070
90308445
72591226
94764906
34767059
30172025
23898308
58229847
77628739
62502840
14509112
35835357
33628364
87844331
88444762
63773279
95110732
86137036
98362673
31583791
24913531
59040560
26806782
44560344
48527212
10866152
16440714
39210760
92138930
50717498
76545817
67318552
75012383
15099127
81086714
37273530
38398504
75763001
95002432
82375742
15080932
88513723
15481867
25800883
59957205
